# Created by Octave 4.2.1, Sat Mar 17 00:13:15 2018 GMT <unknown@unknown>
# name: genuine
# type: matrix
# rows: 1
# columns: 50
 97.81878870095416 264.5597907138837 5.173389397044872 4.657084148176125 9.025136989309189 45.24615565419166 18.78047214811511 13.27520261454646 5.804273637001231 35.5755470775791 12.39016587257245 19.35667762700604 27.69999102381095 39.83928135245964 6.559928858637051 9.130884138676777 22.97303199846709 10.43026764000923 111.4490606234436 75.51240674785078 44.25875817639269 16.74134151184297 2.801027312358542 115.6245072120494 11.29865745210188 4.575681616090776 18.43516379834557 23.0487070439973 69.1167551706485 0.9683434490552969 9.129955339708374 4.589868807858693 89.60953894721936 40.04041054907381 35.76329816640265 81.0520227104813 1.890969639028683 123.878383437323 125.915184189476 14.85603162648968 24.89371647143793 94.03543469292225 41.18985213283287 10.85289248679697 65.93442305315821 5.257303418729631 17.63615946645577 64.44346492225441 24.08108174479537 25.53464399640876


# name: imposter
# type: matrix
# rows: 1
# columns: 2450
 309.3940001392923 70.28196523601224 449.3066552064037 30.03160649868323 87.96030018945109 209.4422502633831 119.098232127085 218.6089607166252 181.8661065285658 17.66772040766412 17.0648091209556 21.24699394737431 0.3753036902301687 283.1237482667669 144.5166035150346 281.803977439436 0.1609687186202962 56.25742907538259 374.2792735181102 179.5267995337815 168.5950069053672 260.2215978801579 89.10550710119783 361.9487585316958 418.6410611129504 60.92925648148201 341.6881167602648 101.3969004201853 26.29537103466066 93.15088679149329 454.9208961541653 47.67094297698023 381.9209994662212 149.4236287443584 170.2809024319742 110.9935282638761 20.42933177686899 7.639054781746239 72.43309142207525 43.31873088918692 52.58821989152189 187.0127847918923 240.2623304628461 172.1251950269902 109.0589760008865 175.7382519178128 57.75441776935349 82.84925008133479 69.99469526734796 52.9845792755456 115.1161746614208 404.4724457809951 29.09324872374469 43.12609076404253 164.6080408379745 74.2640227016764 173.7747512912167 137.0318971031572 4.228702034613278 61.89901854636416 66.08120337278287 44.45890573517839 238.2895388413583 189.3508129404432 236.9697680140274 1.765494253480128 11.42321964997403 329.4450640927017 134.692590108373 123.7607974799586 215.3873884547494 44.27129767578927 317.1145491062872 373.8068516875418 105.7634659068906 296.8539073348563 56.56269099477676 18.5388383907479 137.9850962169019 410.0866867287568 2.836733551571669 337.0867900408126 194.257838169767 125.4466930065656 66.1593188384675 14.05389367561541 37.19515464366232 27.59888199666669 70.72519027494062 7.754010466113328 142.1785753664837 195.4281210374376 127.2909856015817 64.22476657547794 130.9040424924042 102.5886271947621 127.6834595067433 42.85706391737845 162.9273645399215 374.5025759782596 514.4152310453711 35.07696934028414 153.0688760284185 274.5508261023504 184.2068079660523 283.7175365555926 246.9746823675331 82.77629624663149 35.9756491724917 38.23457364679811 1.121149200154321 348.2323241057342 79.40802767606723 346.9125532784033 64.94760712034707 121.36600491435 439.3878493570776 244.6353753727489 233.7035827443345 325.3301737191253 154.2140829401652 427.0573343706632 483.7496369519178 4.179319357485355 406.7966925992322 133.4048081319191 1.951958475382384 28.04231095252592 520.0294719931327 112.7795188159476 447.0295753051886 84.31505290539107 235.3894782709415 176.1021041028434 85.53790761583636 72.74763062071361 137.5416672610426 21.78984494978044 117.6967957304893 188.1869281309923 305.3709063018135 237.2337708659576 174.1675518398539 157.2737332155915 7.354158069613874 17.74067424236742 4.886119428380596 95.93415229810029 72.87987765721937 620.7315988741027 302.2945388539313 388.5998007796721 19.18038367953125 124.9981851218012 131.3441396256577 53.79439022535388 293.0923642225371 314.0965987503928 571.6966275854647 249.2677409364219 141.545143291585 694.9662371531251 71.90422830353424 85.7077787536665 155.8570459361174 31.9479732347574 113.4545570737308 287.2280220346171 89.16243835637437 349.2258526225772 158.2875602055633 70.38583375202325 611.3788901195725 112.0185775360637 327.8158152332752 423.7919154981532 643.6005204295838 36.36815773763965 260.4986322488339 28.65016884367611 699.873262382449 125.2336319711717 373.7834293070039 341.1990276374657 19.2969791363256 217.7527281786597 197.1530628886259 252.254700230716 231.8095106967255 227.5271262891389 202.0397538892541 395.2207426924891 268.6589004017538 608.204051407444 633.2988837194252 412.403836623624 7.86366325248212 183.8622183705843 195.8137470047203 323.7748734376957 17.83974830354041 83.91046849467506 6.433549641623038 93.07717894791722 56.33432475985775 57.75118782920548 110.8212531189897 146.7787757160823 33.85369738948189 157.5919664980589 270.0483852837426 156.272195670728 82.46306659677957 21.00000267225793 248.7474917494022 53.99501776507354 43.06322513665917 134.6898161114499 36.42627466751017 236.4169767629878 293.1092793442424 186.46103825019 216.1563349915568 24.13488134852268 1.125936371229251 218.6826685602013 329.3891143854573 30.36684722776501 256.3892176975132 274.9554105130665 44.74912066326616 11.0101313961563 53.63886776151327 117.8927269869618 53.09869034663275 9.972382068358819 25.04969284202677 61.48100302318429 114.7305486941381 46.59341325828223 7.570191624179088 50.20647014910481 183.2861995380615 208.3810318500428 12.51401524575849 59.94616963190381 102.2980116266824 277.3779537486222 242.2106666937938 41.05910627154922 2.346261750773103 51.94142831525441 11.51297220401527 5.97476478391232 50.26128090294336 29.25704637508772 228.3429824599843 47.71050935442007 76.0277597541569 351.6125920276446 74.707988926826 95.63798853680291 102.5642094161599 167.1832850055003 27.56918897882841 10.00537065147065 53.12560936754797 5.872207497096692 154.8527700190858 211.5450726003405 268.025244994092 134.5921282476549 15.53782989220531 80.4382703726727 300.2468753041032 247.8249076415554 82.85501287664655 174.8250109536112 356.5196172569684 36.81508608063579 30.42978418152334 2.154617488014807 94.43081317670192 12.11620112988604 51.11131751893949 56.51451390187519 20.08320372071767 33.16634195023617 34.97079348561972 51.86709756700863 1.444210454450882 264.8504062819634 289.9452385939447 69.05019149814346 157.094687803625 134.0404131627441 681.8921343796275 56.50345135734864 363.455074359456 449.7603362851969 186.1587206273259 192.5046751311825 114.9549257308786 354.2528997280619 375.2571342559175 632.8571630909895 310.4282764419467 202.7056787971098 756.1267726586498 133.064763809059 146.8683142591913 217.0175814416421 6.862312385725204 174.6150925792556 348.3885575401418 150.3229738618991 410.3863881281019 219.448095711088 11.45906712721728 672.5394256250972 173.1791130415885 388.9763507388 484.952451003678 704.7610559351085 97.52869324316441 321.6591677543587 89.81070434920088 761.0337978879736 186.3941674766965 434.9439648125286 402.3595631429905 80.45751464185037 278.9132636841844 258.3135983941507 313.4152357362408 292.9700462022503 288.6876617946637 263.2002893947789 456.3812781980139 329.8194359072786 669.3645869129687 694.45941922495 473.5643721291488 62.41981618006659 25.42057128862461 462.3776303959359 57.21099004648013 143.9405703757644 230.2458323015053 66.64099800928406 27.00982885250914 104.559578252813 134.7383957443703 155.7426302722259 413.3426591072979 90.91377245825504 14.2701443492127 536.6122686749582 3.871847190552671 72.64618972450037 2.496922542049504 17.81639164181334 14.9084132897803 128.8740535564502 6.415678025036868 190.8718841444103 0.06640827260360993 26.54539595302683 453.0249216414056 5.798846481482116 169.4618467551083 265.4379470199863 485.2465519514169 62.82523099424176 102.1446637706671 10.17466569370239 541.519293904282 33.12033650699516 215.429460828837 182.8450591592988 55.55820431315902 59.39875970049277 38.79909441045905 93.90073175254915 73.45554221855863 69.17315781097199 43.68578541108724 236.8667742143223 110.3049319235869 449.8500829292771 474.9449152412584 254.0498681454571 96.59201415156225 65.6521671070239 314.0237982682806 205.5648221741353 4.413261751890772 81.89200017385011 34.29958276888534 88.58727283491285 34.85721992928272 13.61543638328492 7.388798144570728 264.9888269796427 57.44005966940014 39.38191523449846 388.258436547303 38.06214440716757 58.99214401714445 139.2100539358183 130.5374404858418 64.21503349848686 19.479778571205 16.47976484788953 42.51805201675514 118.2069254994274 174.899228080682 304.6710895137504 97.94628372799644 21.10801462745314 117.0841148923311 336.8927198237617 211.1790631218969 46.2091683569881 138.1791664339528 393.1654617766268 11.182048703037 67.07562870118178 34.49122703164364 57.78496865704346 24.5296433897724 87.75716203859793 42.50909977932452 37.01496679189046 3.47950256942228 64.6821240189694 88.51294208666708 38.04890020406825 301.4962508016219 326.5910831136032 105.6960360178019 95.87368700326587 66.37049425532028 313.3054711199842 206.2831493224317 5.131588900187154 81.17367302555373 33.58125562058896 87.86894568661647 6.522600785297612 14.3337635315813 6.670470996274346 264.2704998313463 58.15838681769652 40.10024238279485 387.5401093990066 38.78047155546395 59.71047116544084 138.4917267875219 131.2557676341382 63.49670635019048 20.19810571950138 17.19809199618591 41.79972486845875 118.9252526477238 175.6175552289784 303.952762365454 98.66461087629283 20.38968747915676 116.3657877440348 336.1743926754653 211.8973902701933 46.92749550528448 138.8974935822492 392.4471346283304 11.90037585133338 66.3573015528854 33.77289988334726 58.50329580533985 23.81131624147602 87.03883489030156 43.2274269276209 37.73329394018684 2.761175421125898 65.40045116726579 87.7946149383707 37.37172782581295 300.7779236533255 325.8727559653068 104.9777088695055 44.82311543758642 256.3983268759246 123.27763849938 396.310981943036 20.93178488578552 34.96462692608335 156.4465770000153 66.10255886371723 165.6132874532575 128.870433265198 70.06048238432334 74.24266721074204 52.62036957313757 230.1280750033991 197.5122767784023 228.8083041760682 9.926958091439303 3.261755812014854 321.2836002547425 126.5311262704138 115.5993336419994 207.2259246167902 36.1098338378301 308.953085268328 365.6453878495827 113.9249297448497 288.6924434968971 48.40122715681758 26.70030222870707 146.146560054861 401.9252228907976 5.324730286387506 328.9253262028535 202.4193020077262 117.2852291686064 57.99785500050833 18.897240743827 45.3566184816215 19.43741815870752 62.56372643698145 0.4074533718458468 134.0171115285246 187.2666571994784 119.1295217636225 56.06330273751877 122.7425786544451 110.7500910327212 135.8449233447025 34.69560007941928 218.8140631655282 430.3892746038663 11.57321807551892 570.3019296709778 90.96366796589081 208.9555746540251 330.4375247279571 240.093506591659 339.6042351811993 302.8613809931398 138.6629948722382 1.090376986994954 57.00784782576099 404.1190227313409 23.52132905046057 402.79925190401 120.8343057459537 177.2527035399566 495.2745479826843 300.5220739983556 289.5902813699412 381.216872344732 210.1007815657719 482.9440329962698 539.6363355775245 9.327746669234216 462.6833912248389 77.51810950631244 53.93474015022429 8.229683464129266 575.9161706187394 95.0545942074196 502.9162739307952 28.4283542797844 291.2761768965482 231.9888027284501 141.424606241443 128.6343292463203 193.4283658866493 77.67654357538711 173.5834943560959 132.3002295053856 361.2576049274202 293.1204694915643 230.0542504654605 101.3870345899849 18.66458454610199 29.90406859197867 25.85380992932608 146.7657736721394 358.3409851104776 21.33498026482698 498.253640177589 18.91537847250203 136.9072851606363 258.3892352345683 168.0452170982702 267.5559456878105 230.813091499751 66.61470537884938 19.81405830470959 15.04044166762779 332.0707332379521 95.56961854384934 330.7509624106212 48.78601625256496 105.2044140465678 423.2262584892955 228.4737845049668 217.5419918765524 309.1685828513432 138.0524920723831 410.895743502881 467.5880460841357 11.98227151029675 390.6351017314501 149.5663989997012 18.11354934316449 44.20390182030803 503.8678811253506 96.61792794816549 430.8679844374064 100.4766437731732 219.2278874031594 159.9405132350613 69.37631674805425 56.5860397529315 121.3800763932605 5.628254081998335 101.5352048627071 204.3485189987744 289.2093154340314 221.0721799981755 158.0059609720718 173.4353240833736 8.807432798168236 33.90226511014953 21.04771029616271 1.87807928950437 189.847802333562 189.8281630417425 329.7604574006735 15.01072095228694 23.82533226651816 89.89605245765281 0.4479656786452892 99.06276291089497 62.3199087228355 51.76560386622773 116.8068370819674 140.7931917531046 163.5775504610366 264.0628013207648 162.2577796337057 76.47748263380183 15.01441870928019 254.73307571238 59.98060172805129 49.04880909963692 140.6754000744277 30.44069070453242 242.4025607259655 299.0948633072202 180.4754542872123 222.1419189545346 18.14929738554493 7.111520334207 212.6970845972236 335.3746983484351 24.38126326478726 262.374801660491 268.9698265500887 50.73470462624391 5.024547433178554 47.65328379853552 111.907143023984 47.113106383655 3.986798105381069 31.03527680500451 67.46658698616204 120.7161326571159 52.57899722125998 1.584607661201339 56.19205411208256 177.3006155750838 202.395447887065 18.49959920873624 39.05106213484768 2.051817243405708 485.7463844411548 33.84223600126123 167.3093244209833 253.6145863467242 43.27224396406515 9.987029311146784 3.641074807290238 81.19082420759409 158.1071497895892 179.1113843174448 436.7114131525168 114.2825265034739 559.9810227201771 27.24060123577158 49.27743567928147 20.8718315031694 41.18514568703225 21.53065735921714 152.2428076016691 16.95307602018204 214.2406381896292 23.3023457726153 3.17664190780792 476.3936756866245 22.96663689688424 192.8306008003272 288.8067010652052 508.6153059966358 39.45647694902286 125.513417815886 33.5434197389213 564.8880479495009 9.751582461776252 238.7982148740559 206.2138132045177 78.92695835837793 82.76751374571168 62.16784845567796 117.2694857977681 96.82429626377754 92.54191185619089 67.05453945630614 260.2355282595412 133.6736859688058 473.218836974496 498.3136692864773 277.418622190676 278.1932646761215 489.7684761144596 13.94422100875954 629.6811311815711 150.3428694764841 268.3347761646185 389.8167262385504 299.4727081022523 398.9834366917926 362.2405825037331 198.0421963828315 78.73587913759934 9.693427700302379 116.3870493363543 463.4982242419342 462.1784534146033 180.213507256547 236.6319050505499 554.6537494932776 359.9012755089489 348.9694828805345 440.5960738553252 269.4799830763652 542.3232345068632 599.0155370881178 68.70694817982752 522.0625927354322 18.13890799571914 113.3139416608176 17.96032792830812 635.2953721293327 35.67539269682629 562.2954754413886 30.9508472308089 350.6553784071415 291.3680042390434 200.8038077520363 188.0135307569136 252.8075673972426 137.0557450859804 232.9626958666892 72.92102799479233 420.6368064380135 352.4996710021576 289.4334519760538 42.00783307939156 25.33408385224175 14.08228361821273 85.23301143991938 1.056891996098955 21.99738264478196 525.8543385721014 6.265718129685411 207.4172785519299 293.7225404776708 3.164289833118517 30.12092481979985 36.4668793236564 41.08287007664745 198.2151039205358 219.2193384483915 476.8193672834634 154.3904806344206 46.66788298958369 600.0889768511238 9.169481548334829 60.97978563411604 29.26323574593192 18.57729677172949 192.3507617326157 1.266281171516596 254.3485923205759 63.41029990356193 24.49142654997809 516.5016298175711 17.1413172340624 232.9385549312739 328.9146551961519 548.7232601275824 0.6514771819237808 165.6213719468326 10.18208769135128 604.9960020804476 30.35637166917039 278.9061690050025 246.3217673354644 75.58028116567573 122.8754678766583 102.2758025866246 157.3774399287147 136.9322503947242 132.6498659871375 107.1624935872528 300.3434823904878 173.7816400997525 513.3267911054427 538.4216234174239 317.5265763216227 44.31980588901649 255.8950173273547 123.7809480479499 395.8076723944661 20.42847533721559 34.46131737751342 155.9432674514454 65.59924931514729 165.1099779046876 128.3671237166281 12.89347542114238 70.56379193289327 74.74597675931197 53.1236791217075 229.6247654548292 198.0155863269723 228.3049946274983 2.758446263444924 320.7802907061726 126.0278167218439 115.0960240934295 206.7226150682203 35.60652428926016 308.4497757197581 365.1420783010128 114.4282392934197 288.1891339483272 47.89791760824765 27.203611777277 146.6498696034309 401.4219133422277 5.828039834957437 328.4220166542835 202.9226115562961 116.7819196200365 57.4945454519384 18.39393119525707 45.85992803019143 18.93410861013759 62.06041688841152 0.9107629204157774 133.5138019799546 186.7633476509085 118.6262122150526 55.55999318894884 122.2392691058752 111.2534005812912 136.3482328932724 34.19229053084935 68.83102083918746 93.41316041939868 286.2628049559058 233.3258154865101 32.17425506426556 54.13100686147532 6.538589456510557 60.82627952253807 2.62812099673161 14.85961599119598 41.3764296956597 20.37219516780406 237.2278336672679 56.59536056170373 67.14290854687326 360.4974432349282 65.82313771954236 86.75313732951923 158.2984337982166 36.45404018611207 1.120519444186989 44.24075816026431 14.75705870438035 145.9679188118022 202.6602213930568 276.9100962013756 125.7072770403712 6.652978684921649 89.32312157995636 309.1317265113869 238.9400564342717 73.97016166936288 165.9401597463276 365.404468464252 38.94304201541178 39.314635388807 6.730233719268853 85.54596196941824 3.231349922602384 59.99616872622315 65.39936510915885 28.96805492800133 24.28149074295251 43.85564469290338 60.75194877429229 10.32906166173454 273.7352574892471 298.8300898012284 77.93504270542712 151.6170478895533 10.62713336903283 369.0488320062717 150.5397884361442 50.61177198610029 136.9170339118412 89.32461650687641 80.05359577511766 16.66335189701613 20.16781380870835 41.40959735470615 62.41383188256179 320.0138607176337 2.415025931409076 5.91446113851994 443.2834702852941 12.78391061552071 3.967110279153388 95.82572093171362 48.04838623582057 35.54525516678606 38.54526889010154 97.5430857547462 63.1818917614363 119.8741943426909 359.6961232517415 42.92124999000538 76.13304836544421 172.1091486303222 391.9177535617528 156.1540293839059 8.815865381002965 83.15413269596172 448.1904955146179 9.343903861185254 122.1006624391729 89.5162607696347 2.759934919052398 21.29628228597092 54.52970397920507 0.5719333628850336 18.01006694610061 24.15564057869213 9.657090280978338 143.5379758246581 16.97613353392282 356.521284539613 381.6161168515943 160.721069755793 26.73835340076215 3.684078759881231 551.5357999767646 31.94717953434861 233.0987399565931 319.404001882334 22.51717157154468 55.80238622446305 62.1483407283196 15.40140867198426 223.896565325199 244.9007998530547 502.5008286881266 180.0719420390838 72.34934439424688 625.770438255787 2.708429406196103 16.51197985632837 86.66124703877924 3.581774341268726 218.0322231372789 19.96663945903623 280.030053725239 89.09176130822513 1.190034854685109 542.1830912222343 42.82277863872559 258.6200163359371 354.5961166008151 574.4047215322456 3.523007604634699 191.3028333514958 3.42017420389044 630.6774634851108 56.03783307383358 304.5876304096657 272.0032287401276 49.89881976101253 148.5569292813215 127.9572639912878 183.0589013333779 162.6137117993874 158.3313273918007 132.843954991916 326.024943795151 199.4631015044157 539.0082525101059 564.1030848220871 343.2080377262859 91.79950009098324 70.44468116760291 309.2312842077016 210.3573362347143 9.205775812469781 77.0994861132711 29.50706870830633 83.79475877433384 10.59678769758024 37.82809524299176 18.40795044386392 2.596284083991719 260.1963129190637 62.23257372997915 44.17442929507747 383.465922486724 42.85465846774657 63.78465807772346 134.4175398752393 135.3299545464209 59.42251943790785 21.27227890846854 37.72553795617613 122.9994395600064 179.691742141261 299.8785754531714 102.7387977885755 16.31550056687413 112.2916008317521 332.1002057631827 215.971577182476 51.00168241756711 142.9716804945318 388.3729477160479 15.97456276361601 62.28311464060278 29.69871297106463 62.57748271762247 19.73712932919339 82.96464797801892 47.30161383990352 41.80748085246947 1.313011491156729 66.82412394469917 83.72042802608807 33.29754091353032 296.7037367410429 321.7985690530242 100.9035219572229 53.20311084267118 16.2038659512292 471.5943357333313 47.99428470908472 153.1572757131598 239.4625376389007 57.42429267188865 22.49190795194187 17.79312351511373 95.34287291541759 143.9551010817657 164.9593356096213 422.5593644446933 100.1304777956504 5.053439011817289 545.8289740123536 13.08855252794808 63.42948438710496 6.719782795345907 27.03309697920875 24.12511862717571 138.0907588938456 200.0885894818057 9.1502970647918 17.32869061563142 462.241626978801 15.01555181887753 178.6785520925037 274.6546523573817 494.4632572888123 53.60852565684635 111.3613691080625 19.3913710310978 550.7359992416774 23.90363116959975 224.6461661662324 192.0617644966942 64.77490965055443 68.61546503788819 48.01579974785446 103.1174370899446 82.67224755595404 78.3898631483674 52.90249074848265 246.0834795517177 119.5216372609823 459.0667882666725 484.1616205786538 263.2665734828525 137.6671931124276 7.454288088270317 387.1302534635748 132.4583669788411 68.69319344340344 154.9984553691443 107.4060379641796 61.97217431781451 34.74477335431928 38.2492352660115 59.4910188120093 80.49525333986495 338.0952821749369 15.66639552589407 23.99588259582309 461.3648917425973 5.29751084178244 14.11431117814976 77.74429947441047 57.43098529054762 29.96696477851742 53.62667662408921 56.62669034740469 45.10047030413315 101.7927728853878 377.7775447090446 24.83982853270223 94.21446982274736 190.1905700876254 409.9991750190559 138.0726079266027 26.89728683830612 65.07271123865857 466.2719169719211 8.737517596117897 140.182083896476 107.5976822269378 15.32148653825075 15.84861723186819 36.44828252190192 18.65335482018818 1.791834713802331 6.074219121388978 8.424331176324813 161.6193972819613 35.05755499122597 374.6027059969161 399.6975383088974 178.8024912130961 51.0547504553611 14.05550556391913 473.7426961206413 45.84592432177465 155.3056361004699 241.6108980262108 55.27593228457857 21.9907176316602 15.64476312780366 93.19451252810751 146.1034614690757 167.1076959969314 424.7077248320034 102.2788381829605 2.905078624507212 547.9773343996637 15.23691291525816 61.28112399979489 8.868143182655984 29.18145736651883 26.27347901448579 140.2391192811557 4.94938769966862 202.2369498691158 15.18033022832134 464.3899873661111 17.1639122061876 180.8269124798138 276.8030127446918 496.6116176761224 51.46016526953628 113.5097294953726 21.53973141840788 552.8843596289876 21.75527078228967 226.7945265535425 194.2101248840043 66.92327003786451 70.76382542519826 50.16416013516454 105.2657974772546 84.82060794326412 80.53822353567747 55.05085113579273 248.2318399390277 121.6699976482924 461.2151486539826 486.3099809659639 265.4149338701626 163.9780733147516 140.9237986738706 688.7755198907539 63.38683686847514 370.3384598705825 456.6437217963235 25.66385765924161 193.0421061384525 199.388060642309 121.8383112420051 361.1362852391884 382.1405197670441 639.7405486021161 317.3116619530732 209.5890643082363 763.0101581697763 139.9481493201855 153.7516997703178 223.9009669527686 13.74569789685171 181.4984780903821 355.2719430512683 157.2063593730256 417.2697736392284 226.3314812222145 679.4228111362238 180.062498552715 395.8597362499265 491.8358365148045 711.6444414462351 104.4120787542909 328.5425532654853 96.69408986032738 767.9171833991002 193.277552987823 441.8273503236551 409.242948654117 87.34090015297687 285.7966491953109 265.1969839052772 320.2986212473673 299.8534317133768 295.5710473057901 270.0836749059054 463.2646637091404 336.7028214184051 676.2479724240952 701.3428047360765 480.4477576402753 227.9214802946395 439.4966917329777 2.465800946407569 579.4093468000891 100.0710850950022 218.0629917831365 339.5449418570685 249.2009237207704 348.7116523103106 311.9687981222511 147.7704120013495 28.46409475611739 10.19779411610631 66.11526495487234 413.2264398604523 14.41391192134921 411.9066690331214 129.9417228750651 186.360120669068 504.3819651117956 309.6294911274669 298.6976984990525 390.3242894738434 219.2081986948832 492.0514501253812 548.7437527066359 471.7908083539502 68.41069237720109 63.04215727933564 0.8777336649820882 585.0235877478508 85.94717707830824 512.0236910599066 19.32093715067305 300.3835940256595 241.0962198575615 150.5320233705544 137.7417463754316 202.5357830157606 86.78396070449847 182.6909114852073 123.1928123762743 370.3650220565315 302.2278866206756 239.1616675945719 92.27961746087351 24.9377005292402 20.79665146286732 34.96122705843743 45.16995561755141 8.170710726109434 479.627490958451 39.96112948396495 161.1904309382796 247.4956928640205 49.39113744676888 16.10592279385051 9.759968289993964 87.30971769029782 151.9882563068854 172.9924908347411 430.5925196698131 108.1636330207702 0.4410353759333248 553.8621292374734 21.12170775306785 55.39632916198519 14.75293802046568 35.06625220432852 27.64955084192087 146.1239141189654 10.83418253747831 208.1217447069255 17.18345228991157 9.295535390511645 470.2747822039208 186.7117073176235 282.6878075825015 502.4964125139321 45.57537043172658 119.3945243331823 27.42452625621758 558.7691544667972 15.87047594447998 232.6793213913521 200.094919721814 72.80806487567421 76.64862026300796 56.04895497297423 111.1505923150643 90.70540278107381 86.42301837348717 60.93564597360242 254.1166347768374 127.5547924861021 467.0999434917923 492.1947758037736 271.2997287079723 227.2154175011921 438.7906289395303 3.171863739854984 578.7032840066418 99.36502230155475 217.3569289896891 338.8388790636211 248.4948609273229 348.0055895168632 311.2627353288037 147.0643492079021 27.75803196266997 9.491731322658893 65.40920216142493 412.5203770670049 15.11997471479663 411.200606239674 129.2356600816177 185.6540578756206 503.6759023183482 308.9234283340195 297.9916357056051 389.6182266803959 218.5021359014358 491.3453873319338 548.0376899131884 17.72910100489815 471.0847455605028 62.33609448588822 0.1716708715346726 584.3175249544033 86.65323987175566 511.3176282664592 20.02699994412046 299.6775312322121 240.390157064114 149.825960577107 137.0356835819842 201.8297202223132 86.07789791105105 181.9848486917599 123.8988751697217 369.6589592630841 301.5218238272282 238.4556048011245 92.98568025432093 25.64376332268762 21.50271425631473 34.25516426499001 5.112198364496365 216.6874098028345 162.98855557247 356.6000648699459 18.77913218730454 4.746290147006704 116.7356599269253 26.39164179062717 125.9023703801674 89.15951619210796 24.92599639695527 109.7713994574134 113.9535842838321 66.6788888217321 190.4171579303091 237.2231938514924 189.0973871029782 49.63787516452936 9.535153881730864 281.5726831816525 86.82020919732375 75.88841656890938 167.5150075437001 3.601083235259964 269.242168195238 325.9344707764926 153.6358468179398 248.9815264238071 8.690310083727525 185.8574771279511 362.2143058177076 2.458344204485201 289.2144091297634 242.1302190808162 77.57431209551638 18.28693792741827 20.81367632926306 85.06753555471155 20.27349891438254 22.85280936389139 40.11837044493591 94.30619445543449 147.5557401263883 79.41860469053243 16.35238566442871 83.03166158135502 150.4610081058113 175.5558404177926 5.01531699367078 236.1737019693658 447.748913407704 5.786420728318717 587.6615684748153 108.3233067697284 226.3152134578628 347.7971635317948 257.4531453954966 356.9638739850369 320.2210197969774 156.0226336760758 36.71631643084368 18.45001579083259 74.36748662959863 421.4786615351786 6.161690246622925 420.1588907078477 138.1939445497914 194.6123423437943 512.6341867865219 317.8817128021932 306.9499201737788 398.5765111485696 227.4604203696095 500.3036718001075 556.9959743813621 26.68738547307186 480.0430300286765 60.1584707024748 71.29437895406193 593.275809422577 77.69495540358196 520.2759127346328 11.06871547594676 308.6358157003858 249.3484415322878 158.7842450452807 145.9939680501579 210.7880046904869 95.03618237922475 190.9431331599336 114.940590701548 378.6172437312578 310.4801082954019 247.4138892692982 84.02739578614722 16.68547885451392 12.54442978814103 43.21344873316372 4.995283622033867 18.05899101884705 529.7927301980362 10.20410975562032 211.3556701778649 297.6609321036058 0.7741017928163956 34.05931644573477 40.40527094959131 37.14447845071254 202.1534955464707 223.1577300743264 480.7577589093984 158.3288722603555 50.6062746155186 604.0273684770586 19.03464037253218 5.231089922399917 64.91817726005095 25.32484411999701 22.51568839766441 196.2891533585506 1.776430319692054 258.2869839465108 67.34869152949685 20.55303492404317 520.4400214435061 21.07970885999731 236.8769465572088 332.8530468220868 552.6616517535174 169.5597635727675 6.243696065416373 608.9343937063825 34.2947632951053 282.8445606309375 250.2601589613993 71.64188953974082 126.8138595025932 106.2141942125595 161.3158315546496 140.8706420206591 136.5882576130724 111.1008852131877 304.2818740164227 177.7200317256874 517.2651827313775 542.3600150433588 321.4649679475576 139.7573846711933 351.3325961095314 28.34336926577311 491.2452511766429 11.9069894715559 129.8988961596902 251.3808462336222 161.0368280973241 260.5475566868644 223.8047024988049 59.60631637790325 12.80566930376347 20.69160202286483 22.04883066857391 325.062344237006 102.5780075447955 323.7425734096751 41.77762725161884 98.19602504562172 416.2178694883494 221.4653955040207 210.5336028756063 302.160193850397 131.044103071437 403.8873545019349 460.5796570831895 18.99066051124288 383.626712730504 143.3354963904245 25.12193834411062 51.21229082125416 496.8594921244045 423.8595954364603 107.4850327741193 212.2194984022133 152.9321242341152 62.36792774710813 49.57765075198537 114.3716873923144 1.380134918947789 94.52681586176102 211.3569079997205 282.2009264330853 214.0637909972294 150.9975719711256 180.4437130843198 15.81582179911436 40.91065411109565 28.05609929710883 32.55407132469517 2.205760364285908 492.2433752513073 27.34524519110872 173.8063152311358 260.1115771568767 36.77525315391264 3.490038500994274 2.855916002862273 74.69383339744158 164.6041405997417 185.6083751275973 443.2084039626693 120.7795173136265 13.05691966878956 566.4780135303296 33.73759204592409 42.78044486912896 27.36882231332191 47.68213649718476 15.03366654906463 158.7397984118216 23.45006683033455 220.7376289997817 29.79933658276781 3.320348902344591 482.890666496777 16.46964608673173 199.3275916104797 295.3036918753577 515.1122968067883 32.95948613887035 132.0104086260385 571.3850387596534 3.254591651623741 245.2952056842084 212.7108040146702 85.42394916853044 89.26450455586419 68.66483926583047 123.7664766079206 103.3212870739301 99.0389026663434 73.55153026645866 266.7325190696937 140.1706767789584 479.7158277846485 504.8106600966298 283.9156130008285 327.4588439222527 539.0340553605909 2.222005158650006 678.9467104277023 199.6084487226153 317.6003554107497 439.0823054846816 348.7382873483835 448.2490159379238 411.5061617498643 247.3077756289627 128.0014583837306 58.95900694643359 165.6526285824855 512.7638034880654 7.527600654706418 511.4440326607345 229.4790865026783 285.8974842966811 603.9193287394088 409.1668547550801 398.2350621266657 489.8616531014565 318.7455623224964 591.5888137529944 648.281116334249 117.9725274259587 571.3281719815634 16.27675016440645 162.5795209069488 67.22590717443933 684.5609513754639 13.59018654930492 611.5610546875198 399.9209576532727 340.6335834851746 250.0693869981675 237.2791100030448 302.0731466433738 186.3213243321116 282.2282751128204 23.65544874866112 469.9023856841447 401.7652502482888 338.6990312221851 7.257746166739651 74.59966309837296 63.34786286434394 134.4985906860506 8.589908979461285 220.1651204177994 159.5108449575051 360.0777754849108 15.30142157233962 1.268579532041784 120.2133705418902 29.86935240559209 129.3800809951323 92.63722680707288 21.44828578199035 106.2936888424485 110.4758736688672 70.15659943669702 193.894868545274 233.7454832365275 192.5750977179431 46.16016454956444 13.01286449669578 285.0503937966174 90.29791981228867 79.3661271838743 170.9927181586651 0.1233726202950436 272.7198788102029 329.4121813914575 150.1581362029749 252.459237038772 12.16802069869244 4.446054064020217 182.3797665129862 365.6920164326725 5.936054819450121 292.6921197447283 238.6525084658513 21.76464854238319 17.33596571429814 81.58982493974663 16.79578829941762 26.33051997885631 36.64065982997099 97.78390507039941 151.0334507413532 82.89631530549735 19.83009627939363 86.50937219631994 146.9832974908464 172.0781298028277 1.53760637870586 1.258807708446511 163.5029889670326 216.1729764082719 303.4156440341441 11.33409241424245 2.519481100011223 63.55123909112342 9.263549025095912 72.71794954436558 35.97509535630611 78.11041723275711 90.46202371543804 167.1380051196339 13.49446798593025 137.2327370945072 290.4076146872943 135.9129662671763 102.8222960003312 41.35923207580957 228.3882623458506 33.6357883615219 22.70399573310753 114.3305867078983 41.40834408788511 216.0577473594361 272.7500499406908 206.8202676537417 195.7971055880052 44.49411075207432 19.23329303232239 239.0418979637529 309.0298849819057 50.72607663131664 236.0299882939615 295.3146399166181 24.38989125971452 63.35959482836513 138.2519563905134 73.32117847023636 10.09365982141083 4.690463438475128 41.12177361963265 94.37131929058648 26.2341838547306 2.318449717624862 29.84724074555317 203.6454289416131 228.7402612535944 7.845214157793144 201.2678403614082 412.8430517997463 29.11944087963894 552.7557068668577 73.41744516177079 191.4093518499051 312.8913019238371 222.547283787539 322.0580123770793 285.3151581890198 121.1167720681181 1.810454822886015 0.1059021746885378 39.46162502164097 386.5727999272209 41.06755185458059 385.25302909989 103.2880829418337 159.7064807358366 477.7283251785643 282.9758511942355 272.0440585658212 363.670649540612 192.5545587616518 465.3978101921498 522.0901127734044 3.034909332586551 445.1371684207189 95.06433231043246 36.38851734610427 10.29816486896073 558.3699478146193 112.6008170115396 485.3700511266752 45.97457708390442 273.7299540924282 214.4425799243301 111.0881064422003 175.8821430825293 60.13032077126709 156.0372715519759 149.8464523095057 343.7113821233002 275.5742466874443 212.5080276613405 118.9332573941049 1.118361741981971 14.15359136892494 8.307587125206055 13.59557990948394 175.8397611680701 203.8362042072345 315.7524162351815 1.002679786794985 9.81729110102621 75.88801129216085 14.45600684413724 85.05472174540301 48.31186755734355 65.77364503171968 102.7987959164755 154.8012329185965 25.83124018696769 149.5695092955447 278.0708424862568 148.2497384682138 90.48552379929377 29.02245987477214 240.725034546888 45.97256056255934 35.04076793414497 126.6673589089357 44.44873187002437 228.3945195604736 285.0868221417282 194.4834954527042 208.1338777890426 32.15733855103689 6.896520831284953 226.7051257627155 321.3666571829431 38.38930443027921 248.366760494999 282.9778677155807 36.72666346075196 10.44580256200875 61.66132496402747 61.12114754914695 17.99483927087302 17.02723563951256 53.45854582067008 106.7080914916239 38.57095605576803 10.01832248341257 42.18401294659061 191.3086567405757 216.403489052557 4.491558043244289 115.4647339770927 46.77944728149343 332.8965180938111 186.6921023486049 14.45945807363969 100.7647199993806 53.17230259441581 107.4599926604433 13.06844618852924 15.98450010375225 5.257283442245551 26.2615179701012 283.8615468051732 38.56733984386968 20.509195408968 407.1311563728335 19.1894245816371 40.11942419161399 131.9780348441742 111.6647206603114 83.08775332401733 0.6070587456745358 2.39295497764094 61.3907718422856 99.3342056738969 156.0265082551516 323.5438093392809 79.07356390246598 39.9807344529836 135.9568347178616 355.7654396492921 192.3063432963665 27.33644853145763 119.3064466084223 412.0381816021573 7.69067112249347 85.94834852671225 53.36394685717411 38.912248831513 90.68201789166567 23.63637995379405 18.14224696635999 4.443606400198362 45.80940419343894 107.3856619121975 19.17618037853778 320.3689706271524 345.4638029391336 124.5687558433324 33.72856858440225 128.5156126741839 251.1603527011206 268.4282677412953 46.32146870709121 19.02855460669011 28.56386279827466 25.72382726775285 37.73057325151682 0.9877190634573481 76.47888195044492 55.47464742258927 202.1253814124827 21.49290830691851 102.2453608016585 325.394990980143 100.9255899743276 121.8555895843045 76.34660836865834 193.4008860530018 1.351587931326863 12.28338055974123 79.34321041504953 6.420967795036347 181.0703710665874 237.762673647842 241.8076439465904 160.8097292951564 41.75543093970686 54.22066932517115 274.0292742566017 274.0425086890569 85.71345292416541 201.0426120011128 330.3020162094668 10.59748503313424 4.212183134021788 28.37221853551636 120.6484142242035 38.3338021773876 30.29691285437364 6.134397326783885 59.38394299773772 8.75319243811817 25.64949651950708 5.140135547295591 238.6328052344619 263.7276375464432 42.83259045064191 62.28511323969349 25.28586834825151 462.5123333363089 57.07628710610703 144.0752733161375 230.3805352418784 66.50629506891096 13.40990555491956 26.87512591213604 104.4248753124399 134.8730986847434 155.877333212599 413.477362047671 91.04847539862814 14.1354414088396 536.7469716153313 4.006550130925774 72.51148678412727 2.362219601676401 17.95109458218644 15.0431162301534 129.0087564968233 6.280975084663766 191.0065870847834 0.06829466776949289 26.41069301265372 453.1596245817787 5.933549421855218 169.5965496954814 265.5726499603595 485.38125489179 62.69052805386866 102.2793667110402 10.3093686340755 541.6539968446551 32.98563356662206 215.5641637692101 182.9797620996719 55.69290725353213 59.53346264086588 38.93379735083215 73.59024515893174 69.30786075134509 43.82048835146034 237.0014771546954 110.43963486396 449.9847858696502 475.0796181816315 254.1845710858302 309.9244405380809 521.499651976419 15.31239822552175 661.4123070435305 182.0740453384436 300.0659520265779 421.5479021005099 331.2038839642117 430.714612553752 393.9717583656926 229.7733722447909 110.4670549995588 41.42460356226184 148.1182251983138 495.2294001038937 10.00680272946533 493.9096292765628 211.9446831185065 268.3630809125094 586.3849253552371 391.6324513709083 380.7006587424939 472.3272497172848 301.2111589383246 574.0544103688226 630.7467129500772 100.438124041787 553.7937685973916 1.257653219765302 145.045117522777 49.69150379026757 667.0265479912921 3.944216834866836 594.026651303348 53.2977015505744 382.3865542691009 323.0991801010028 232.5349836139958 219.744706618873 284.5387432592021 168.7869209479399 264.6938717286487 452.3679822999729 384.230846864117 321.1646278380133 10.2766572174321 57.0652597142012 45.81345948017218 116.9641873018788 132.2406668813605 30.00351437722564 349.6724509980789 169.9161694443371 31.23539097790749 117.5406529036484 69.9482354986836 99.42997678331047 2.713029111176681 0.7914328005155369 22.03321634651334 43.03745087436899 300.637479709441 21.79140693960188 3.733262504700207 423.9070892771012 2.413491677369308 23.3434912873462 115.2021019399064 94.88878775604358 67.42476724401338 16.16887415859325 19.16888788190873 78.16670474655339 82.55827276962911 139.2505753508838 340.3197422435487 62.29763099819819 56.75666735725139 152.7327676221294 372.5413725535599 175.5304103920987 10.56051562718984 102.5305137041545 428.8141145064251 24.46660402676126 102.72428143098 70.1398797614419 22.13631592724521 1.919901277778109 73.90608498739788 6.860447049526258 1.366314062092201 29.03347128917115 124.1615948164653 2.400247474269989 337.1449035314201 362.2397358434014 141.3446887476002 95.33971511737344 66.90446614121271 312.7714992340918 206.8171212083241 5.665560786079581 80.6397011396613 33.04728373469653 87.33497380072404 7.05657267119004 36.10951896347153 14.86773541747372 6.136499110381919 263.7365279454539 58.69235870358895 40.63421426868727 387.0061375131142 39.31444344135637 60.24444305133326 137.9577549016295 131.7897395200307 62.96273446429805 20.28155653823317 17.73206388207834 41.26575298256633 119.4592245336162 176.1515271148708 303.4187904795616 99.19858276218525 19.85571559326433 115.8318158581423 335.6404207895729 212.4313621560858 47.46146739117691 139.4314654681416 391.913162742438 12.43434773722581 65.82332966699298 33.23892799745483 59.03726769123227 23.27734435558359 86.50486300440912 43.76139881351332 38.26726582607927 2.227203535233471 87.26064305247827 36.83775593992052 300.2439517674331 325.3387840794144 104.4437369836131 2.821768646165541 159.4224126124206 220.2535527628839 299.335067679532 15.4146687688545 6.600057454623276 59.47066273651137 5.18297267048386 68.63737318975353 31.89451900169406 82.19099358736916 86.38144736082599 171.218581474246 9.413891631318201 133.1521607398952 294.4881910419063 131.8323899125643 106.9028723549433 45.43980843042162 224.3076859912385 29.55521200690985 18.62341937849548 110.2500103532862 37.32776773327306 211.9771710048241 268.6694735860787 210.9008440083537 191.7165292333931 48.57468710668637 23.31386938693444 243.122474318365 304.9493086272936 54.80665298592869 231.9494119393495 299.3952162712301 20.30931490510247 5.971545993640735 59.27901847375307 142.3325327451255 69.24060211562431 6.013083466798779 0.6098870838630752 37.0411972650206 90.29074293597444 22.15360750011854 25.76666439094112 207.7260052962252 232.8208376082065 11.9257905124052 10.9522735706509 151.2919076879353 228.3840576873693 291.2045627550467 23.54517369333985 0.9345891137247833 51.34015781202601 2.947532254001496 60.50686826526818 23.76401407720871 90.32149851185453 78.25094243634062 179.3490863987313 1.283386706832845 125.0216558154098 302.6186959663917 123.7018849880789 115.0333772794286 53.57031335490698 216.1771810667532 21.42470708242449 10.49291445401012 102.1195054288009 29.19726280878771 203.8466660803387 260.5389686615933 219.0313489328391 183.5860243089078 56.70519203117173 31.44437431141979 251.2529792428503 296.8188037028083 62.93715791041405 223.8189070148642 307.5257211957155 12.17880998061712 14.10205091812609 51.14851354926772 143.4247092379548 61.11009719113895 2.117421457686577 7.520617840622281 28.91069234053524 82.16023801148907 14.02310257563319 2.873201505755725 215.8565102207105 240.9513425326918 20.05629543689055 317.3026457461341 528.8778571844723 7.934193017468544 668.7905122515838 189.4522505464968 307.4441572346311 428.9261073085631 338.5820891722649 438.0928177618052 401.3499635737458 237.1515774528441 117.845260207612 48.80280877031504 155.496430406367 502.6076053119469 2.628597521412132 501.287834484616 219.3228883265597 275.7412861205626 593.7631305632902 399.0106565789615 388.0788639505471 479.7054549253379 308.5893641463778 581.4326155768758 638.1249181581304 107.8163292498402 561.1719738054448 6.1205519882879 152.4233227308303 57.06970899832078 674.4047531993454 3.433988373186367 601.4048565114012 45.9194963425212 389.7647594771541 330.477385309056 239.913188822049 227.1229118269262 291.9169484672552 176.1651261559931 272.0720769367019 33.81164692477967 459.7461875080261 391.6090520721702 328.5428330460665 2.8984520093789 53.19166468822539 124.342392509932 224.6370500127115 436.2122614510496 5.750231228335622 576.1249165181611 96.78665481307411 214.7785615012084 336.2605115751404 245.9164934388423 345.4272220283826 308.6843678403231 144.4859817194215 25.17966447418934 6.913363834178256 62.83083467294429 409.9420095785242 17.69834220327726 408.6222387511933 126.657292593137 183.0756903871399 501.0975348298676 306.3450608455389 295.4132682171245 387.0398591919153 215.9237684129552 488.7670198434531 545.4593224247078 15.15073351641752 468.5063780720222 71.69512265912914 59.75772699740759 2.406696616945965 581.7391574659227 89.2316073602363 508.7392607779785 22.6053674326011 297.0991637437315 237.8117895756334 147.2475930886263 134.4573160935036 199.2513527338326 83.49953042257042 179.4064812032792 126.4772426582023 367.0805917746035 298.9434563387476 235.8772373126438 95.56404774280156 24.48757139328529 31.67679677650938 16.43062213016911 145.813559128417 233.8624062468875 285.7262141955285 29.02352225285806 1.73060815245696 45.8618092525078 8.425880813519704 55.02851970574997 18.2856655176905 93.77682840467806 72.77259387682241 184.8274349582496 4.194961852685364 119.5433072558916 308.0970445259098 118.2235364285607 120.5117258389468 59.04866191442519 210.698832507235 15.94635852290628 5.014565894491913 96.64115686928267 23.7189142492695 198.3683175208205 255.0606201020751 224.5096974923573 178.1076757493896 59.05337739394001 36.922722870938 256.7313278023685 291.3404551432901 68.41550646993227 218.3405584553459 313.0040697552337 6.700461421098908 13.08576332021136 45.67016498974951 137.9463606784366 55.63174863162075 7.595770017204786 12.99896640014049 23.43234378101703 76.68188945197086 8.544754016114977 8.351550065273933 12.15781090693756 221.3348587802288 246.42969109221


